4843
1187
1834
3393
4200
4380
4995
1144
133
4132
4165
3077
3274
216
1196
4013
1156
253
1354
189
2330
1596
244
1804
4883
1467
1420
4605
1642
636
3958
2237
1578
4198
1854
390
1569
3133
2673
1130
1428
1356
2344
2001
1074
778
2079
51
2536
1792
3272
2702
4352
2886
4797
3991
2490
3797
469
1432
2110
511
3910
4444
2586
3450
4481
44
1409
3071
764
2126
4780
79
3832
1472
460
2109
2152
22
3454
3199
1612
3173
3278
1836
2388
2414
1400
1969
3978
4344
1047
2130
1950
3261
973
1030
3940
2484
4029
2029
2680
2829
2933
345
169
3118
3345
3934
1230
2234
484
2192
4926
3668
3243
4321
2686
455
209
1897
4363
696
4498
4479
2322
2817
4460
4271
1381
1502
3316
2387
2615
4235
3426
2316
2855
2280
1124
4035
3216
760
3001
4597
2852
4180
3205
4738
3258
4956
341
3207
1072
2841
903
2811
628
3144
4032
74
2486
214
1207
456
3879
2107
4006
3254
2527
2698
3840
4250
35
2775
753
4955
2814
624
1756
2771
3795
901
4828
1922
2513
2995
4407
3630
3710
2890
3036
21
1674
1951
4376
620
2246
515
2406
2407
2154
297
3548
1620
1787
2031
3837
3277
3753
3616
4313
2724
1392
1391
4196
4024
1814
2248
1076
575
1860
3803
4120
2552
1263
1920
4019
3031
2377
1840
1757
183
2451
2482
2647
576
1001
700
4261
589
2256
1777
2766
4286
2137
3214
4823
4314
643
2241
3076
3540
2856
2153
1543
1541
727
3690
3018
1785
4122
3679
1592
4820
1040
86
838
335
1992
1007
1141
3812
882
2351
3158
2704
3523
4980
1155
3448
2599
1931
4624
106
1763
2692
3966
4543
2292
1560
292
2175
462
4366
1843
3477
3449
3155
3442
3749
1435
3987
1990
4846
158
430
525
2844
3761
1640
2027
2700
1345
2949
2740
3892
340
3990
2006
2068
70
1820
2736
986
499
828
2420
2369
280
1266
1790
3444
2835
4599
4637
4903
844
4719
3773
1070
2714
1217
855
1821
4863
2033
4134
618
2905
2141
4299
11
3
3720
486
852
2982
2460
707
4172
496
4225
2054
877
1147
1808
4800
1386
1748
543
4459
4861
2751
1635
2693
4011
2619
3490
975
3739
4085
3656
3515
2978
2115
2059
4273
2708
4500
3100
1944
1206
4592
1493
2585
422
9
2553
2689
1468
627
2752
1656
1716
4392
1376
2133
904
3480
2136
1715
3380
3529
3197
2956
1654
1797
307
1221
2078
1874
3270
210
4028
1170
766
4427
3757
944
666
3189
2620
1936
1319
2701
1577
2124
4079
1614
1260
616
2789
841
4106
4400
3925
3872
817
1080
1065
403
2576
2446
23
974
4245
4128
1418
3780
4669
564
1348
2328
350
3366
1811
2562
4558
4183
1982
1267
1484
1380
3464
728
431
1403
121
338
326
2021
2270
1427
1677
399
2837
2399
2245
1648
2921
711
2941
2403
872
1197
2240
4080
4497
2537
146
1849
4185
952
2675
4242
4397
4355
4562
4635
1624
3882
49
962
2965
757
360
1350
858
3259
3452
3743
4412
3395
2211
4603
2801
4435
4935
3541
3472
4563
2784
579
2195
2468
4705
3154
101
1517
85
4445
222
3666
3131
3020
2149
3053
2590
1868
1442
1585
3497
4484
4213
3856
825
1699
2187
3322
196
2469
4494
1782
1879
1911
1184
856
1634
373
4260
4837
1742
1856
3842
159
3801
4446
1233
2333
1057
4057
3628
1185
2973
987
2220
2196
2729
2200
2845
3951
1667
4998
1562
111
1914
2887
4850
733
275
1679
1861
2584
2362
4034
140
682
1140
2672
3235
2331
3406
663
4687
3104
1248
2046
896
3762
4714
416
2898
4842
3140
1653
4372
857
1027
1898
1097
3358
3321
3445
4038
2783
1831
2119
4805
168
830
651
3705
2888
325
2628
3201
3304
2685
4409
3368
2788
4402
3398
3954
2652
3806
2642
4644
2821
3187
3002
1513
63
1549
3058
3658
153
4517
2559
718
3376
2907
3387
2623
4476
2687
3906
2991
4676
3751
2711
2415
3314
1857
62
1746
2785
2376
3989
1159
4149
3291
3219
1796
1987
862
1736
2731
1022
4215
656
4296
685
80
1004
1478
3496
199
2123
2231
3082
1521
2892
2918
1928
2260
701
1761
4455
4282
873
719
213
4014
432
3636
1755
1751
2742
850
3006
4616
3114
1533
1765
2900
3702
610
2462
1567
3431
4251
102
2884
4189
173
1012
641
3402
3165
1621
1996
3167
532
4757
3652
2663
1776
4047
2566
2496
1325
3396
3194
2171
883
4857
4146
2896
2011
2707
697
2074
4989
3640
1645
2864
2073
3469
3230
4265
4231
1726
3748
4370
832
4214
3858
978
4609
2438
3932
1036
2012
1485
3866
3582
3643
1092
676
128
4228
726
3696
895
2147
444
1229
4157
3579
2803
995
2022
1733
3478
2346
920
2273
3033
4721
886
1425
2939
2207
4056
1137
3903
2309
2883
355
96
3351
2570
1981
3160
2983
2216
784
4408
1005
97
4027
4159
2819
2454
2263
4878
1108
2394
4794
2802
381
3914
3097
3816
1564
4909
706
3962
1293
2479
1795
1362
1622
2895
1582
4104
1222
4339
2007
1781
762
1798
2889
2838
3427
300
2265
4682
1609
81
2902
3662
4164
4283
3293
3520
3066
3607
394
2755
201
2476
1148
1693
650
2927
4898
1812
1053
3176
789
4059
1081
3130
309
393
4787
3299
4483
4123
4096
2670
1416
2385
203
2688
429
735
3693
2116
1128
4661
1975
1250
225
3546
3212
3534
131
4039
4305
1317
3486
3227
2142
2030
1991
4387
91
1568
3926
1735
3462
790
4208
4073
3346
4293
2487
4004
4075
1062
2032
4769
2353
2389
1283
2302
1803
1104
3161
3302
67
2661
3099
1531
800
4203
4943
1335
3123
1655
1772
1956
3017
4619
382
197
3698
1178
1463
1436
2582
2450
227
4418
3936
2561
6
2225
1454
2989
623
4191
2966
1490
644
3246
4694
1800
3624
2485
1637
2842
1554
3560
3348
993
2522
2189
2943
1625
31
4406
4855
4492
476
4097
2071
4268
1413
998
2772
4764
262
2604
3699
514
568
2236
1818
2
4036
724
3350
988
3855
4138
1271
3955
2556
3830
482
2976
1894
2594
4272
3938
1910
3873
4425
2950
2790
2757
3370
3279
3678
1411
130
866
2398
2278
4259
4698
3981
4773
3034
182
4540
2996
1816
2173
4990
255
3952
2070
3335
4549
2277
191
226
206
4167
935
3363
1835
3742
2980
2523
1865
4759
3716
2640
774
3697
1717
2947
120
2738
3828
2508
3359
4289
1256
4684
3063
3112
1000
2505
4136
1284
2244
4115
932
4154
1361
2613
4819
2674
2823
4864
749
2229
4921
4513
3857
3355
4961
3835
4003
1177
1660
1978
1312
4442
3215
4835
483
4419
1965
4652
1702
4727
2076
2555
942
2370
2488
1974
960
2038
3028
1100
816
1714
4521
3976
945
4129
3843
3577
3598
1924
4743
1433
266
3838
2056
1419
4050
3179
4450
2233
2253
3550
3859
4692
2072
369
1955
4353
2631
4053
3068
632
1088
5
1891
4258
2274
748
357
3004
78
2909
289
4964
2699
1483
4082
4254
2295
2489
129
58
1540
3209
3998
4751
1060
1326
4523
3970
4327
745
4566
3060
4944
3625
4646
4331
2867
2791
2799
2539
164
4168
1241
315
4237
2320
324
2428
2743
3920
1580
4507
794
1599
2313
1297
4158
775
4145
2529
1231
3174
2135
802
3088
4829
2648
3386
3539
880
258
1405
2143
3492
1075
3975
3064
4826
966
2426
4651
1858
2677
2524
4541
2478
2375
3025
3292
1259
910
2877
490
2880
4432
521
4685
288
3585
4866
1899
3684
1587
4016
3217
2626
2541
2934
4668
4199
1623
99
2373
2413
1112
3141
2357
1169
4426
578
540
4933
1878
4001
4677
3062
1015
603
3559
1598
605
2611
4582
454
2554
4812
923
1853
2974
1802
1086
1749
2336
1986
363
2493
2419
2828
2705
4451
3519
162
4045
2937
3115
4555
1417
889
137
4658
922
1534
507
4911
592
2053
1646
4535
4324
2050
3960
2573
1481
1855
2716
4287
155
3282
1575
4634
1629
3168
1889
4782
1154
4978
1456
4604
4037
4627
1558
4284
551
3709
2681
4539
1692
3297
1711
1443
2546
3900
1737
4617
524
4025
104
649
3660
565
3057
2261
3470
1495
2606
694
230
4740
885
4636
4586
208
1390
1731
2579
3476
2994
783
2305
3574
1202
1194
2365
2581
3767
983
4949
261
2792
893
3862
4632
3655
4827
4456
3909
3745
1316
4166
4584
3371
4569
3692
2860
4058
3603
424
2667
875
3050
4151
10
1615
990
163
3451
471
1983
2526
2284
4533
2577
1516
4622
2638
1048
418
3547
4503
4049
2131
198
2155
366
3580
4243
380
1379
3899
3852
1449
4152
890
741
1162
824
957
3754
3819
298
3162
2492
1837
3039
849
2338
1408
92
2440
1019
3957
2547
3182
1555
4478
2992
1193
1402
247
1767
2763
2988
1168
421
3483
2301
1870
4420
1588
3332
2511
1429
3224
2018
3986
3834
4285
633
2745
1683
4367
1375
4111
1330
3700
1962
3581
4919
807
2769
4690
4873
2874
3670
417
3408
4116
4065
378
1786
356
1509
3871
2958
40
3041
2026
2043
907
1504
3983
517
3494
3897
2184
3535
1033
3310
1863
3723
3507
188
3009
914
4218
1010
912
4326
2848
1494
2953
3013
2453
2919
4148
336
4078
2045
1084
3822
4876
2650
3226
4179
738
4993
3048
2439
1799
464
2997
1440
410
4612
4341
3769
3961
3912
2448
4081
2293
285
3516
1676
4534
3839
179
3943
870
2288
4436
318
2869
2185
3728
1003
761
1636
3576
2859
863
4266
2380
4197
2794
3561
2501
1475
1885
1318
2227
1264
2303
4679
1887
4546
4501
2165
2635
3121
1566
2208
3169
4147
2238
1296
859
402
4264
4493
4648
8
1444
3250
4735
3094
4526
527
4192
2378
3203
2213
3317
4560
3069
2268
1500
1254
344
4580
2632
1937
2151
4579
4589
2696
3686
2393
1970
3241
1349
1008
3649
1997
1431
3005
1644
1338
631
1584
4950
1929
4925
2810
3369
3798
2279
3506
1741
2583
4281
4466
4361
3869
3527
4322
555
638
291
3178
712
4999
1631
2473
2016
1556
3841
1009
32
776
2968
622
2421
994
3984
2101
4806
2593
4015
3864
4226
3760
1052
1300
3220
1925
4796
4347
1862
563
2210
3848
595
1759
2622
1788
3584
301
591
4981
3382
2512
1371
2049
1589
1710
3185
3410
3959
4894
3106
2300
3339
1439
3854
347
433
0
836
3772
781
3046
3244
1662
3620
1960
4186
4031
4614
3905
888
1689
538
103
1732
898
581
4867
2254
2048
254
4043
1610
3542
3901
2090
1670
2548
1460
4414
3171
195
1597
2518
1378
689
1384
1927
4786
3617
439
1963
1437
4653
4571
2540
4440
566
3974
1396
3010
657
927
4712
2014
2395
3545
3262
2392
4207
3439
2691
2145
2946
4160
4680
1249
2830
4900
4924
4700
154
1979
3902
1042
4544
4246
588
3040
3968
1061
1681
4306
3467
1387
640
1298
4527
4947
1947
786
3248
2111
3528
2549
329
2525
1542
1213
1292
4553
3776
314
861
122
3237
1410
3786
1153
2020
3948
488
2911
4706
4338
3252
1547
4234
1701
573
4048
3721
3315
4940
2753
3372
3741
1117
3915
4103
2568
840
4908
2972
501
243
3364
4803
3768
187
4791
1574
2804
571
1729
3256
2097
2084
4066
279
3129
3988
3223
4404
4915
679
4211
1212
4421
3119
1488
947
3116
1594
2290
2321
2427
3531
2202
550
2800
343
865
166
56
2201
1049
1026
2601
84
4723
2057
4323
441
535
64
2718
2516
2879
2998
4834
440
2614
4248
1145
3142
1845
2834
946
3612
2944
193
2326
1014
1360
4480
242
1744
3499
124
2180
2088
135
702
1477
3571
2495
1258
4856
3785
1833
2572
936
2866
4583
3075
317
16
829
434
4771
931
1498
512
1237
349
4985
3810
3657
3365
1607
232
3373
3164
1557
269
2990
755
1051
41
1274
3747
2532
2709
3434
1023
3475
1771
625
118
1299
82
3320
918
2431
1152
1768
4316
2094
2500
4880
276
241
178
1328
2964
1694
57
2083
1959
1514
1288
3829
4667
4792
4030
4216
4378
4422
4753
2630
4233
2066
2897
4520
480
4330
4188
3588
3183
3601
597
1281
3615
1232
2282
2515
3669
2664
2289
372
1037
4100
2815
46
3995
3973
2873
4069
1211
2168
518
504
1740
437
4472
481
773
779
3436
1690
4737
1406
2055
3323
1926
4974
3752
1182
956
734
4784
2643
3329
582
1652
662
4309
4413
3407
3043
4841
558
2645
308
1383
1306
1739
1465
2908
2037
1103
596
3424
4018
4801
3102
2052
3578
4660
1224
1016
2218
1269
4319
2102
964
4954
4485
4962
4810
949
884
4509
2249
3456
4365
2480
4814
4996
4718
4776
1632
3432
1011
1954
3888
879
3605
3086
1236
2955
3003
4398
580
1285
3251
980
1753
3328
320
822
4762
2114
479
3231
3939
4054
939
4975
3557
4591
2491
115
3824
2307
4917
2434
117
4061
3489
3947
2924
4224
2853
4702
267
33
613
2610
388
1721
1479
3029
821
2269
4839
3157
1499
3627
4093
1535
1389
3374
4238
4798
1675
1453
2904
1993
967
3433
2520
1668
3379
831
4441
362
758
2481
715
4369
2214
3457
2694
3887
4012
3911
4125
1810
516
2368
899
1188
2703
4672
1619
12
3233
2467
1669
2662
4171
3471
672
2062
2327
2449
3403
1031
1659
1368
1680
3249
3232
2348
4665
4304
926
1980
1864
1496
2885
976
1859
3349
4623
339
2649
3401
3867
4390
4913
4825
151
4504
3759
1399
4655
1480
4530
3965
3992
2669
396
3784
1758
1280
2857
4359
180
3629
2565
2940
3944
1333
4348
3715
754
3713
2893
4522
4457
370
916
89
4240
4934
1430
1665
2971
2930
4009
4393
3473
4022
4697
1807
2418
4625
126
868
1518
4277
3942
1650
1098
3306
2459
4506
985
4223
938
3618
4169
1613
4512
4052
2780
713
833
4870
1832
2746
3755
4748
3267
4666
1938
2161
2600
1722
1604
4184
2870
3423
3518
2812
3737
630
296
3378
531
1018
3597
2190
1438
3937
1166
4594
1915
445
2051
3595
2138
3680
642
567
3400
1025
4537
574
1167
1291
1593
2367
4793
4663
286
3139
1183
2589
2951
4288
678
2096
2085
3145
235
959
4239
2809
664
1310
42
4927
2002
2359
4210
3792
2659
2719
4671
112
3568
3945
4194
2271
1046
4941
4717
3681
330
4931
2041
3626
4957
2223
4382
3435
2183
2221
819
4195
3054
3525
2347
3508
4010
4452
2596
316
750
283
2318
4092
2722
1028
1423
3764
3685
2588
1082
4303
194
4098
2306
3787
2849
2383
3949
3500
426
506
3877
1131
1940
4907
4574
4473
1529
2545
847
3109
4447
4270
3765
353
1946
4020
545
4448
4920
385
4675
3876
1282
909
1551
3108
1973
1
3563
3016
2472
686
2597
4779
1181
1935
4255
4664
4474
4633
3446
119
2069
3027
4482
2655
2063
2106
2598
1647
1783
2634
2805
2166
2339
2854
1227
1125
2250
4529
7
2134
152
487
2283
1482
2436
2217
1570
4722
4746
1824
1262
466
961
699
1473
934
1815
249
1157
1953
3084
891
435
881
4732
4568
1917
3778
996
448
1901
951
1503
1766
2915
731
3513
3298
3229
4342
3030
698
1826
3890
4320
2065
2312
3126
1603
552
1961
3288
1616
2410
4887
658
717
4017
475
681
3498
4312
3404
1839
2676
211
3880
4178
3774
4502
3977
3318
3823
4518
716
2019
928
2506
1165
3536
478
4804
1404
869
4190
3538
48
2182
354
2343
4986
2912
4204
1466
677
389
290
229
4332
704
148
4002
1825
3065
4135
2010
2961
4
2777
4475
1705
795
1823
2064
4088
930
2281
3704
3301
2465
60
542
4725
586
474
452
1842
4411
3463
1902
3654
1470
1273
3044
746
450
472
4499
3073
3361
1339
2932
806
3051
3074
1553
4877
4362
4830
1341
2464
2999
342
737
142
3092
123
1091
4350
908
3913
969
553
1752
2291
4711
494
4368
3153
1506
2595
3253
4606
2899
4461
4936
239
1709
3151
4959
2504
4817
2836
782
2808
147
2258
2224
4724
3827
4434
2139
530
1941
813
637
3132
2494
387
3079
4983
4141
2226
1893
2818
1458
617
1487
1327
4755
2199
2108
4430
4076
1234
2910
1913
3799
116
1136
4781
3225
3388
714
376
1401
4824
2206
4121
2311
1462
602
1999
1867
4595
2882
15
577
3089
3059
2013
3093
2391
3639
3343
351
306
2721
4021
75
4987
3891
4695
4232
1038
1700
4938
4301
639
2733
263
708
367
2551
2354
4881
4295
4086
1373
2878
4060
3026
465
4733
2608
3689
1671
2405
1205
3421
848
4379
743
3673
1989
1844
3222
217
4454
3268
4536
2174
1134
322
4772
3589
675
876
2936
2621
177
4089
3023
4124
2730
1279
1314
2397
368
334
1067
1536
3284
652
1114
4567
3724
4952
970
3190
2935
2779
83
4799
3524
4611
3192
328
3802
4181
982
323
30
1189
1204
1244
2765
653
1357
2198
4691
3661
1013
2483
1791
3035
451
1886
1032
3817
3325
687
1111
2423
2461
1720
4489
477
4760
1691
165
955
634
2557
1491
2917
3521
3340
4630
1069
4972
1508
3308
4394
1351
3264
1762
1151
3103
669
4403
3127
2727
3927
1129
867
4067
4511
906
1664
2658
3319
1663
1563
1228
4598
1043
815
3969
1120
2424
3138
3042
386
3815
1343
2325
1243
3807
2531
785
1407
1830
4515
1372
2061
3455
1133
1730
1303
2412
547
680
3195
740
1695
1838
1713
1904
3453
4108
4650
2091
4707
1896
4486
3851
3682
2159
2858
2627
1240
4230
519
3418
175
1527
4559
4576
2437
2938
2948
3853
45
4294
1601
1358
4886
4329
406
3708
2957
4113
1723
1907
3781
2169
793
375
4673
1199
1261
2315
1059
1945
3484
1708
1171
3038
2323
65
110
710
3694
98
2023
2172
2713
409
1127
4967
1510
1064
1728
2242
522
3675
2212
3437
1216
3789
1704
3353
4112
1934
4879
1658
4491
3650
1998
1595
1847
3893
1035
556
2544
407
311
176
3331
655
4729
4516
3889
1912
1239
2471
933
2695
4849
732
2017
590
2329
572
220
442
823
1707
1132
2381
19
659
2005
3072
4686
181
13
4963
1397
2230
1118
207
2125
668
2979
3788
626
1094
2644
4869
3333
4851
1876
4140
473
2335
2396
4872
4384
4906
331
1394
53
87
3460
4206
1226
4525
3979
4005
4252
3014
583
2770
3672
1068
4424
3883
2093
2257
4626
4785
4659
4358
924
4290
1688
787
4979
4381
4091
4495
4041
1806
2509
878
4470
4642
3428
3923
4510
674
765
4897
172
4247
4657
3242
273
2533
3733
1219
3425
2287
4739
3420
1682
3147
333
3814
1302
3313
1828
1353
50
3796
1451
413
3594
3637
2767
792
4249
4600
1608
3793
948
4360
3886
105
3312
302
4443
1900
1024
2435
3367
1576
1021
305
1336
3847
1590
29
853
3632
4775
536
1295
4709
756
546
4467
2969
3128
2569
2082
2474
2262
4889
742
4914
4297
2089
4551
3090
3996
3717
1918
3468
791
3307
3019
1773
3356
4072
2820
383
171
3228
4865
4070
4832
2741
1474
3609
3482
443
461
3083
3967
3701
3651
2470
170
3826
3676
3236
2963
405
2920
4747
3091
4356
3645
3875
1160
3919
4084
1718
4678
4217
278
2795
670
3384
4854
2425
1976
2824
3586
236
113
3184
14
4573
3172
284
2128
4170
2036
1932
845
3012
2314
1377
4453
3491
1220
4774
3390
4853
2129
3813
94
2646
4307
1143
4815
2285
3347
3775
4640
3674
3779
4557
4087
1121
160
2717
4997
1208
1374
4973
598
911
4090
2004
803
3330
2868
744
1370
156
2825
1421
1784
2764
1367
3461
3440
3067
321
1586
1602
2340
2304
1638
4395
1906
721
4334
3085
2188
3105
1698
560
4951
2914
392
4051
3514
585
3202
1789
1591
4596
3804
2441
1320
2025
265
3809
2986
2422
2319
2507
4386
1851
93
2443
2148
4892
20
4318
1369
1113
2409
3375
3466
2432
3706
1685
3953
2401
3635
3338
503
221
234
654
2922
3032
3846
4139
4896
1571
1519
1888
1881
3479
2299
4704
72
233
2297
3120
1090
1096
4109
661
3159
39
1308
43
167
2891
4631
174
4040
4629
835
3895
3606
4621
1309
544
1150
529
352
539
2903
4531
3556
3134
3509
894
3537
4602
1872
55
4357
1930
2535
3794
3950
1942
4325
4068
3714
4577
2993
1626
2447
1813
2942
1492
2901
498
2542
2591
837
4227
4788
1743
3285
3863
1866
4884
2039
4008
192
722
2272
1276
1606
2034
2960
940
3600
635
3884
1649
3596
3642
2266
223
4127
4811
3191
125
3935
1441
3392
4241
3933
4699
4143
2103
2386
2215
449
2308
294
2682
1572
3290
1200
621
3972
1313
1324
4209
4730
2361
3146
489
4736
3587
412
3024
4575
4062
4888
1774
4910
3544
4064
1457
4844
1146
3695
4639
3583
1209
3265
2987
3790
569
3659
1841
68
1538
2538
2578
4868
2081
3985
4202
4754
4349
3707
3622
4074
419
871
1745
3758
3898
4055
4033
27
379
277
186
3110
3289
4508
559
4882
4838
593
238
395
4401
1507
491
4643
2186
660
2452
3286
600
3303
4477
4890
780
4795
3980
3956
805
943
2637
2517
510
3377
4960
2204
3037
1684
3240
2502
4317
3234
272
4219
4311
2683
4991
26
1933
4770
4220
202
4767
4377
4588
1342
1102
2782
3218
1071
1257
4693
495
100
3111
843
3904
2342
2497
138
3602
3644
3530
684
1545
2167
4807
1315
4895
4904
200
747
541
2827
3000
3677
4608
3125
2519
4590
2725
3342
4292
1775
2355
1611
3283
3664
968
4922
2122
3719
4173
271
73
1172
1780
4547
4716
1909
337
2762
4496
2776
2605
3362
1916
1331
4565
4205
2047
1359
1093
3931
767
2603
2374
2636
3008
3391
892
2157
1346
3554
771
4187
1630
999
1581
4373
3324
3736
3200
150
3941
2778
59
3211
1628
4101
913
3971
937
1532
2118
2009
3447
4994
2364
2850
2156
2228
3729
401
3885
3352
136
2058
190
4831
4144
1703
4710
1760
237
2379
690
4939
4809
260
646
1869
1158
4410
3337
1544
3007
2112
4976
4335
1943
2100
4969
453
4708
2760
3870
3878
2684
4117
2660
4328
2015
1272
3916
4871
3750
4156
897
4593
1848
3095
2382
4852
2592
4193
2609
4519
1971
4818
251
683
4891
874
4399
1520
777
2445
364
799
3922
256
3488
557
468
1770
332
3575
925
2793
4901
4847
2294
4095
1769
1908
2813
3567
1017
1552
2847
139
1056
971
1039
3929
447
4789
2193
2981
4808
3441
2127
1412
3021
3275
463
4720
2781
4542
3993
4885
2923
3874
4656
3621
348
4816
4645
2715
3711
295
47
3269
4137
3502
3638
4274
4371
34
3247
1805
673
3206
3663
1672
3327
2092
730
4514
4471
3726
2977
4267
1255
3273
860
4641
3087
772
647
1988
4346
446
692
2296
3049
3549
2617
648
4745
1085
4674
1287
3150
4654
4262
513
1142
2832
4439
2671
3836
3770
1365
1579
1329
4982
3735
3718
3152
1101
1673
709
2723
3777
2629
438
4554
2534
1883
839
4683
1501
149
497
397
3381
1448
1605
4405
3208
3783
274
4229
2807
965
2862
3566
3727
2252
4728
981
1524
143
1719
2499
1126
4833
1678
1180
371
3821
2510
915
2954
3276
2429
2739
3385
3415
2402
4893
2945
3443
2267
2150
3096
1994
587
814
1393
1697
2181
1115
2575
1639
4752
1398
1515
4875
3610
346
3357
1641
252
854
3924
2928
1471
919
950
3186
3608
3429
2239
4966
1464
18
3868
1450
3946
71
2035
3712
1522
4269
2514
303
4528
2759
3569
3113
4822
797
3551
2861
1186
219
2796
705
954
3245
3833
1268
4280
3175
2345
1657
526
2574
3281
1245
4110
695
3143
4928
1972
4821
1079
1277
28
3894
2060
1548
2985
601
2558
1344
231
693
404
2247
921
157
1307
3512
1174
1738
2962
3653
4988
3570
1029
2967
3419
3474
4488
257
1923
1966
827
3163
736
1139
1734
1583
4615
1537
1225
4556
3081
3166
1880
287
3485
3196
2411
3860
1801
3648
2607
4550
4383
1977
4783
4046
2697
1252
929
1455
3532
3495
414
246
1290
3287
1246
427
1895
2712
615
561
2255
953
2140
3740
2726
1176
2243
2194
3782
436
1163
4945
3055
3731
293
3411
1265
2846
1618
1651
4433
3511
812
2564
3238
4276
1822
2191
4570
3107
4396
3997
1905
3631
3204
3124
2087
3296
991
4681
3921
3022
3326
3808
2839
3101
3399
2503
2521
4899
4458
250
3137
804
2768
612
1727
2332
1512
2563
2337
1526
114
2132
4607
3210
2456
554
2756
1561
1347
4923
4417
2324
52
264
3756
1850
2881
66
2926
3510
2099
4126
4765
1366
470
145
2641
1445
4094
240
4862
1045
1461
2457
4438
4836
1706
2806
2042
1793
4545
3517
3665
3766
645
2639
2871
218
3844
3599
4918
3481
1253
4905
2786
3918
809
3334
304
2970
132
1921
4790
1747
594
1600
1289
2276
3691
3738
2774
4428
1385
1434
4468
4758
1809
4902
3260
4948
4044
4298
3430
1087
2657
3964
2341
2298
4701
1294
3565
729
4761
4416
2571
3465
2363
36
3558
1447
259
2761
1958
1251
1034
4778
3688
2349
457
3078
2232
4587
1627
2358
801
1323
1712
3180
3732
811
1687
4000
2028
4389
3056
4155
1275
629
4336
1949
1210
3611
1778
4620
1661
2633
4150
415
2952
1020
3383
2080
4375
1321
2706
1633
2798
3703
4713
584
1106
1364
3417
1006
1919
313
3503
2618
4340
4744
900
359
1235
2875
2390
54
984
4257
4768
4071
4351
3623
798
2203
846
141
3850
1175
2209
3148
2105
2906
2095
3344
851
2913
3354
2404
2737
1884
3405
3647
1871
997
109
95
4263
224
2275
3564
2797
3309
3593
2160
2530
2787
107
3999
212
77
3117
2750
1247
4212
3501
2749
4308
4942
4649
134
1149
2144
4552
4585
1476
3422
3553
1161
1242
4859
2008
4505
3360
720
4153
3744
3614
607
3080
4130
4992
1105
204
374
4464
185
2442
4337
398
3522
4858
671
667
2366
69
4581
4300
4310
4731
4561
1497
725
3725
3730
4490
4971
1957
3135
4953
3263
788
723
2477
3414
1546
1050
2000
3671
3734
24
2286
161
4163
4688
2754
2235
1340
992
4689
1135
2678
1223
665
1903
281
1964
1819
2146
2455
4107
2679
4696
2758
820
763
2872
2162
3687
408
391
459
2543
4315
2735
4449
3805
2498
2400
4756
2219
1119
1779
2024
2567
826
492
3136
1489
1559
3336
810
3412
905
4083
4970
2654
1939
3070
1311
4638
3573
1095
3763
963
4564
1528
3311
384
2959
509
90
2104
3746
4977
1827
4244
4175
425
3459
537
2163
1192
3592
4532
4766
2121
3438
3294
2310
2528
523
268
3198
2444
127
3849
2580
3505
609
4465
4777
4763
400
4385
319
215
1382
184
1058
1041
3963
977
1063
2851
4063
3257
1452
818
3341
4578
3413
3188
1218
2433
4221
3181
1395
1724
2550
2624
3015
2826
2197
1054
599
1686
548
1077
1530
2360
2916
1334
3604
1426
1173
4174
4162
361
1322
2734
3487
3504
4256
520
310
1985
528
2831
4201
1414
2170
770
2475
1877
3633
3305
1794
3098
4463
3907
282
4278
4749
270
972
4802
3811
420
2264
3845
3280
4431
144
2003
1191
4929
4958
1164
989
2656
4253
2176
3818
958
3156
4423
25
4077
2612
562
2728
3122
1725
493
4023
4930
2720
1424
485
2120
4840
1198
3641
3193
1044
2616
2417
1525
4487
3526
606
2931
3562
61
4462
2822
2098
3061
4968
3255
2690
3149
3722
2177
1523
1002
1511
4932
3982
3646
4354
739
4860
2587
2975
4742
1892
3591
3295
768
2179
3667
4133
3634
4965
2458
4726
3543
2816
1238
2560
4302
312
1875
1643
3613
1195
1122
1696
3493
1469
4102
4105
205
4628
4176
2334
2416
3572
3221
4912
3791
2086
4182
2602
1852
611
752
4984
2894
4177
1278
3917
3533
4279
3800
1089
619
2371
1352
1286
3590
2748
1486
2744
423
1948
1201
3011
3047
1984
1055
3619
4099
4647
3555
4848
2372
1305
377
505
1446
534
327
1666
1073
3177
2205
3409
1203
4415
1109
1078
2352
979
1422
4572
808
2463
3825
3928
1573
1388
4670
2929
769
1764
4161
2668
3552
1301
1750
1550
1270
2833
1968
4374
2732
2222
4364
614
2408
500
1179
2666
1415
1363
4142
4291
3865
4042
4119
3896
2317
3389
3994
365
4275
3266
4131
3213
2158
1459
508
4845
1138
2164
4391
3394
2843
3861
37
842
1846
1190
4662
17
2747
2178
4813
4236
4469
1539
2113
3397
4548
4601
1617
3170
2067
4937
358
3820
467
796
2710
941
1215
4345
3052
76
245
4613
4388
608
1565
1332
4741
1952
2984
549
228
4343
2773
2865
4734
2925
2044
2356
2863
2665
1123
3881
2466
759
1817
2384
2077
4114
1754
3416
3831
3930
3300
4333
4524
2251
1829
3683
2350
902
4916
1882
1505
4429
570
917
3239
4007
88
604
2040
38
1116
691
4703
1304
2653
1099
428
887
2840
2651
4750
2259
2430
1890
533
299
3771
4946
1995
2876
3045
751
1066
1083
834
2625
4618
248
1107
4437
4026
2117
458
1110
4874
411
4715
864
1967
4538
2075
3908
3458
4222
108
688
1337
4610
1355
1214
3271
502
4118
703
1873
