194
478
288
110
159
357
15
386
155
173
417
150
415
276
24
121
256
259
128
152
248
62
141
197
349
103
17
30
190
44
451
431
72
483
226
189
118
261
466
11
458
249
99
310
392
0
117
373
73
105
83
286
61
337
460
416
213
64
3
32
52
221
364
311
257
116
232
38
328
494
111
388
304
495
220
432
403
57
82
156
9
389
271
198
332
391
8
70
317
185
438
405
343
474
164
166
421
290
269
255
211
499
420
312
326
88
368
436
399
440
414
58
441
467
362
75
266
448
492
371
378
16
481
381
336
369
350
94
174
76
138
46
222
114
477
42
115
422
279
183
444
26
179
59
203
493
140
5
219
129
201
120
95
192
401
455
106
465
463
267
264
377
122
302
323
356
360
445
237
397
23
77
314
14
158
300
205
450
480
275
206
113
27
131
175
320
342
153
295
37
402
96
484
108
133
243
412
407
132
284
471
390
246
272
65
85
224
268
135
395
231
486
148
165
1
21
380
327
301
169
394
40
176
365
145
287
472
496
6
298
63
33
242
20
12
406
281
408
100
258
170
112
459
149
462
212
229
244
235
247
442
191
283
400
273
375
265
18
348
345
429
79
34
230
457
4
355
411
39
54
68
410
426
452
473
199
19
66
146
497
366
78
376
291
84
263
124
423
161
370
325
207
13
2
74
43
296
184
470
123
374
69
443
218
67
454
22
35
234
353
147
352
383
384
50
241
107
413
240
204
313
260
90
346
335
29
341
89
109
340
53
136
119
334
254
238
71
188
347
98
177
125
277
359
396
398
329
154
193
453
142
245
223
41
305
433
55
101
104
309
464
351
299
253
361
307
31
318
387
270
446
428
60
303
308
227
217
461
160
333
331
215
182
250
91
367
137
56
498
187
48
491
251
344
127
489
487
447
427
86
469
126
168
210
490
162
49
236
292
439
97
45
167
87
278
488
437
214
322
424
321
151
143
157
195
482
181
306
7
449
435
354
47
130
225
379
289
297
25
274
28
382
418
338
139
209
339
479
475
409
93
363
51
385
134
102
81
419
434
476
228
319
280
180
10
316
172
92
282
285
163
294
315
239
200
178
144
208
186
233
216
358
485
330
196
456
80
36
393
252
404
202
171
262
293
372
324
430
468
425
